/home/luiz.silva/big/c-33.mtx	2014-11-27 17:21:58	141711611806721232	8	6317	19.209000000	19.206019000	20000	19.999999553	
/home/luiz.silva/big/c-33.mtx	2014-11-27 17:22:00	141711612000583216	8	6317	17.185000000	17.181978000	20000	19.999999553	
/home/luiz.silva/big/c-33.mtx	2014-11-27 17:22:01	141711612104431888	8	6317	20.330000000	20.326602000	20000	19.999999553	
/home/luiz.silva/big/c-33.mtx	2014-11-27 17:22:03	141711612301081264	8	6317	16.209000000	16.206049000	20000	19.999999553	
/home/luiz.silva/big/c-33.mtx	2014-11-27 17:22:04	141711612404853664	8	6317	15.713000000	15.710583000	0	0.000000000	
/home/luiz.silva/big/c-33.mtx	2014-11-27 17:22:05	141711612509349520	8	6317	63.215000000	63.212275000	60000	59.999998659	
/home/luiz.silva/big/c-33.mtx	2014-11-27 17:22:07	141711612703344256	8	6317	14.549000000	14.545986000	10000	9.999999776	
/home/luiz.silva/big/c-33.mtx	2014-11-27 17:22:08	141711612807325568	8	6317	30.131000000	30.128280000	30000	29.999999329	
/home/luiz.silva/big/c-33.mtx	2014-11-27 17:22:10	141711613001151888	8	6317	20.897000000	20.894752000	20000	19.999999553	
/home/luiz.silva/big/c-33.mtx	2014-11-27 17:22:11	141711613105402304	8	6317	59.877000000	59.874632000	60000	59.999998659	
/home/luiz.silva/big/c-33.mtx	2014-11-27 17:22:12	141711613209435744	8	6317	40.095000000	40.091310000	40000	39.999999106	
/home/luiz.silva/big/c-33.mtx	2014-11-27 17:22:14	141711613403444064	8	6317	34.648000000	34.645010000	30000	29.999999329	
/home/luiz.silva/big/c-33.mtx	2014-11-27 17:22:15	141711613507458000	8	6317	34.765000000	34.763118000	40000	39.999999106	
/home/luiz.silva/big/c-33.mtx	2014-11-27 17:22:17	141711613701285520	8	6317	16.977000000	16.973408000	20000	19.999999553	
/home/luiz.silva/big/c-33.mtx	2014-11-27 17:22:18	141711613805284544	8	6317	12.495000000	12.492183000	10000	9.999999776	
/home/luiz.silva/big/c-33.mtx	2014-11-27 17:22:19	141711613909373632	8	6317	22.425000000	22.422381000	20000	19.999999553	
/home/luiz.silva/big/c-33.mtx	2014-11-27 17:22:21	141711614103373280	8	6317	15.404000000	15.400831000	10000	9.999999776	
/home/luiz.silva/big/c-33.mtx	2014-11-27 17:22:22	141711614207414352	8	6317	14.602000000	14.599295000	20000	19.999999553	
/home/luiz.silva/big/c-33.mtx	2014-11-27 17:22:24	141711614401244848	8	6317	20.507000000	20.504603000	30000	29.999999329	
/home/luiz.silva/big/c-33.mtx	2014-11-27 17:22:25	141711614505081168	8	6317	14.838000000	14.834729000	20000	19.999999553	
/home/luiz.silva/big/3D_51448_3D.mtx	2014-11-27 17:29:15	141711655509722304	8	51448	7614.164000000	7614.160178000	7620000	7619.999885559	
/home/luiz.silva/big/3D_51448_3D.mtx	2014-11-27 17:29:25	141711656502882672	8	51448	7435.630000000	7435.629726000	7440000	7440.000057220	
/home/luiz.silva/big/3D_51448_3D.mtx	2014-11-27 17:29:33	141711657307827920	8	51448	6609.930000000	6609.926676000	6620000	6619.999885559	
/home/luiz.silva/big/3D_51448_3D.mtx	2014-11-27 17:29:43	141711658306047152	8	51448	7941.170000000	7941.166782000	7950000	7949.999809265	
/home/luiz.silva/big/3D_51448_3D.mtx	2014-11-27 17:29:53	141711659300869408	8	51448	7565.329000000	7565.325629000	7560000	7559.999942780	
/home/luiz.silva/big/3D_51448_3D.mtx	2014-11-27 17:30:02	141711660206621696	8	51448	7697.964000000	7697.961499000	7700000	7699.999809265	
/home/luiz.silva/big/3D_51448_3D.mtx	2014-11-27 17:30:11	141711661106633552	8	51448	7125.294000000	7125.291132000	7120000	7119.999885559	
/home/luiz.silva/big/3D_51448_3D.mtx	2014-11-27 17:30:21	141711662105384320	8	51448	7918.937000000	7918.934450000	7920000	7920.000076294	
/home/luiz.silva/big/3D_51448_3D.mtx	2014-11-27 17:30:30	141711663005571200	8	51448	7134.007000000	7134.003071000	7130000	7130.000114441	
/home/luiz.silva/big/3D_51448_3D.mtx	2014-11-27 17:30:39	141711663902840240	8	51448	6860.793000000	6860.789557000	6870000	6869.999885559	
/home/luiz.silva/big/3D_51448_3D.mtx	2014-11-27 17:30:47	141711664707861520	8	51448	6613.550000000	6613.546714000	6620000	6619.999885559	
/home/luiz.silva/big/3D_51448_3D.mtx	2014-11-27 17:30:57	141711665706272656	8	51448	7909.045000000	7909.041487000	7910000	7909.999847412	
/home/luiz.silva/big/3D_51448_3D.mtx	2014-11-27 17:31:07	141711666702611920	8	51448	7758.156000000	7758.152708000	7760000	7760.000228882	
/home/luiz.silva/big/3D_51448_3D.mtx	2014-11-27 17:31:16	141711667607725040	8	51448	7644.173000000	7644.169933000	7650000	7650.000095367	
/home/luiz.silva/big/3D_51448_3D.mtx	2014-11-27 17:31:25	141711668504573312	8	51448	6811.823000000	6811.819161000	6820000	6820.000171661	
/home/luiz.silva/big/3D_51448_3D.mtx	2014-11-27 17:31:34	141711669400253360	8	51448	6681.277000000	6681.274327000	6700000	6699.999809265	
/home/luiz.silva/big/3D_51448_3D.mtx	2014-11-27 17:31:43	141711670302164096	8	51448	7302.715000000	7302.712047000	7310000	7309.999942780	
/home/luiz.silva/big/3D_51448_3D.mtx	2014-11-27 17:31:52	141711671206102416	8	51448	7505.387000000	7505.384055000	7510000	7510.000228882	
/home/luiz.silva/big/3D_51448_3D.mtx	2014-11-27 17:32:01	141711672102532592	8	51448	6715.086000000	6715.081547000	6730000	6730.000019073	
/home/luiz.silva/big/3D_51448_3D.mtx	2014-11-27 17:32:10	141711673002683376	8	51448	6756.767000000	6756.762856000	6760000	6760.000228882	
/home/luiz.silva/big/powersim.mtx	2014-11-27 17:44:30	141711747006537872	8	15838	1682.544000000	1682.541198000	1680000	1679.999947548	
/home/luiz.silva/big/powersim.mtx	2014-11-27 17:44:33	141711747305326496	8	15838	1479.563000000	1479.560745000	1480000	1480.000019073	
/home/luiz.silva/big/powersim.mtx	2014-11-27 17:44:37	141711747705902912	8	15838	2675.848000000	2675.844484000	2670000	2670.000076294	
/home/luiz.silva/big/powersim.mtx	2014-11-27 17:44:41	141711748103612912	8	15838	2385.287000000	2385.284187000	2390000	2390.000104904	
/home/luiz.silva/big/powersim.mtx	2014-11-27 17:44:44	141711748406801008	8	15838	1893.483000000	1893.479489000	1890000	1889.999985695	
/home/luiz.silva/big/powersim.mtx	2014-11-27 17:44:51	141711749100452224	8	15838	4979.131000000	4979.128619000	4970000	4969.999790192	
/home/luiz.silva/big/powersim.mtx	2014-11-27 17:44:54	141711749407932656	8	15838	2279.265000000	2279.262528000	2280000	2279.999971390	
/home/luiz.silva/big/powersim.mtx	2014-11-27 17:44:58	141711749801450288	8	15838	1965.749000000	1965.745376000	1960000	1960.000038147	
/home/luiz.silva/big/powersim.mtx	2014-11-27 17:45:01	141711750103435584	8	15838	1807.653000000	1807.649788000	1800000	1799.999952316	
/home/luiz.silva/big/powersim.mtx	2014-11-27 17:45:06	141711750603110752	8	15838	3580.030000000	3580.026956000	3580000	3579.999923706	
/home/luiz.silva/big/powersim.mtx	2014-11-27 17:45:09	141711750908784064	8	15838	2179.324000000	2179.320880000	2180000	2180.000066757	
/home/luiz.silva/big/powersim.mtx	2014-11-27 17:45:13	141711751302942864	8	15838	2020.793000000	2020.789182000	2020000	2019.999980927	
/home/luiz.silva/big/powersim.mtx	2014-11-27 17:45:18	141711751800225200	8	15838	3345.414000000	3345.411706000	3340000	3339.999914169	
/home/luiz.silva/big/powersim.mtx	2014-11-27 17:45:21	141711752101771744	8	15838	1730.406000000	1730.402536000	1730000	1730.000019073	
/home/luiz.silva/big/powersim.mtx	2014-11-27 17:45:24	141711752409378496	8	15838	2364.008000000	2364.004898000	2370000	2369.999885559	
/home/luiz.silva/big/powersim.mtx	2014-11-27 17:45:28	141711752806947472	8	15838	2366.570000000	2366.566381000	2370000	2369.999885559	
/home/luiz.silva/big/powersim.mtx	2014-11-27 17:45:32	141711753203978816	8	15838	2313.117000000	2313.113651000	2320000	2319.999933243	
/home/luiz.silva/big/powersim.mtx	2014-11-27 17:45:35	141711753506518192	8	15838	1864.895000000	1864.891983000	1870000	1870.000004768	
/home/luiz.silva/big/powersim.mtx	2014-11-27 17:45:38	141711753809413024	8	15838	1904.938000000	1904.934886000	1900000	1899.999976158	
/home/luiz.silva/big/powersim.mtx	2014-11-27 17:45:42	141711754206813424	8	15838	2352.411000000	2352.407560000	2360000	2359.999895096	
